Eta:
e1 = 4.502133e+00
e2 = 6.318455e+00
e3 = 6.839412e+00

Vmp = 278.55 mV
Imp = 6.23 mA
Voc = 420 mV
Isc = 7.92 mA

Fill factor, FF = 0.522

Equation of linear region: y = -552791.59756771x – 380967.38529574
Nd = 8.541e20 m^-3
Vbi = 1.451 V