
Circuit: vinamra baghel 190010070 part 1 id-vds characteristics

rds1 = 2.979376e+03
rds2 = 2.295405e+03
rds3 = 1.866838e+03
rds4 = 1.573126e+03
vo1 = 3.289516e+01
vo2 = 3.289551e+01
vo3 = 3.289386e+01
vo4 = 3.289681e+01
ro1 = 1.165501e+05
ro2 = 6.921852e+04
ro3 = 4.579803e+04
ro4 = 3.253090e+04
