
Circuit: vinamra baghel 190010070 part 1 id-vds characteristics

rds1 = 1.236722e+03
rds2 = 9.674595e+02
rds3 = 7.944827e+02
rds4 = 6.739787e+02
vo1 = -3.44828e+01
vo2 = -3.44910e+01
vo3 = -3.44797e+01
vo4 = -3.44868e+01
ro1 = 4.730145e+04
ro2 = 2.897711e+04
ro3 = 1.954652e+04
ro4 = 1.407460e+04
